9.2139e-07
9.2139e-07
8.48463e-07
8.48463e-07
8.48463e-07
9.2139e-07
9.2139e-07
8.48463e-07
9.2139e-07
8.48463e-07
9.2139e-07
8.48463e-07
8.48463e-07
8.48463e-07
8.48463e-07
8.48463e-07
9.2139e-07
8.48463e-07
8.48463e-07
9.2139e-07
9.2139e-07
8.48463e-07
8.48463e-07
9.2139e-07
8.48463e-07
8.48463e-07
8.48463e-07
8.48463e-07
8.48463e-07
8.48463e-07
9.2139e-07
8.48463e-07
9.2139e-07
8.48463e-07
9.2139e-07
8.48463e-07
8.48463e-07
8.48463e-07
9.2139e-07
8.48463e-07
8.48463e-07
9.2139e-07
9.2139e-07
9.2139e-07
9.2139e-07
9.2139e-07
9.2139e-07
9.2139e-07
9.2139e-07
9.2139e-07
9.2139e-07
9.2139e-07
8.48463e-07
8.48463e-07
8.48463e-07
8.48463e-07
8.48463e-07
8.48463e-07
9.2139e-07
8.48463e-07
8.48463e-07
8.48463e-07
8.48463e-07
9.2139e-07
9.2139e-07
8.48463e-07
9.2139e-07
8.48463e-07
9.2139e-07
8.48463e-07
8.48463e-07
8.48463e-07
8.48463e-07
8.48463e-07
8.48463e-07
8.48463e-07
8.48463e-07
8.48463e-07
8.48463e-07
9.2139e-07
8.48463e-07
8.48463e-07
8.48463e-07
9.2139e-07
8.48463e-07
8.48463e-07
8.48463e-07
8.48463e-07
9.2139e-07
8.48463e-07
9.2139e-07
8.48463e-07
8.48463e-07
8.48463e-07
8.48463e-07
9.2139e-07
9.2139e-07
8.48463e-07
8.48463e-07
9.2139e-07
9.2139e-07
8.48463e-07
8.48463e-07
9.2139e-07
8.48463e-07
8.48463e-07
8.48463e-07
8.48463e-07
9.2139e-07
9.2139e-07
9.2139e-07
9.2139e-07
8.48463e-07
9.2139e-07
8.48463e-07
9.2139e-07
9.2139e-07
8.48463e-07
9.2139e-07
8.48463e-07
9.2139e-07
8.48463e-07
8.48463e-07
9.2139e-07
9.2139e-07
9.2139e-07
9.2139e-07
9.2139e-07
8.48463e-07
9.2139e-07
9.2139e-07
9.2139e-07
8.48463e-07
8.48463e-07
8.48463e-07
8.48463e-07
9.2139e-07
8.48463e-07
8.48463e-07
8.48463e-07
9.2139e-07
8.48463e-07
8.48463e-07
8.48463e-07
9.2139e-07
8.48463e-07
9.2139e-07
8.48463e-07
9.2139e-07
8.48463e-07
9.2139e-07
9.2139e-07
8.48463e-07
9.2139e-07
9.2139e-07
9.2139e-07
9.2139e-07
8.48463e-07
8.48463e-07
8.48463e-07
8.48463e-07
8.48463e-07
8.48463e-07
8.48463e-07
9.2139e-07
8.48463e-07
9.2139e-07
8.48463e-07
9.2139e-07
1.75493e-05
3.99387e-05
5.416e-05
6.07236e-05
6.45889e-05
6.91835e-05
7.24653e-05
7.07879e-05
6.30574e-05
5.38683e-05
4.92737e-05
5.28473e-05
6.29115e-05
7.55283e-05
8.74159e-05
9.81365e-05
0.000108347
0.000118921
0.000131538
0.000149625
0.000175734
0.000206947
0.000234515
0.00024932
0.000246402
0.000227441
0.000198342
0.000169024
0.000150427
0.0001505
0.000170483
0.00020352
0.000239912
0.000272657
0.000296943
0.000309705
0.000309778
0.000298401
0.000279002
0.000253185
0.000222773
0.000192143
0.000169462
0.000161804
0.000170556
0.000189371
0.000209281
0.000222627
0.000225253
0.00021672
0.000200384
0.000182224
0.000167638
0.000157939
0.000149552
0.000140363
0.000132632
0.000131319
0.00013956
0.000154073
0.000165596
0.000162971
0.00014029
9.98868e-05
5.18992e-05
6.97454e-06
-2.74482e-05
-5.09315e-05
-6.56633e-05
-7.17894e-05
-6.37671e-05
-3.77313e-05
3.10928e-06
4.94925e-05
9.49276e-05
0.000143863
0.000213146
0.000328448
0.00051719
0.000801615
0.00119361
0.00169157
0.0022772
0.00291183
0.00353728
0.00408469
0.00448842
0.00469963
0.00469387
0.00447654
0.0040817
0.0035674
0.00300299
0.00245369
0.00196477
0.00155666
0.0012284
0.00096753
0.000759316
0.000592453
0.000460305
0.000358714
0.000284034
0.000230139
0.000190319
0.000159543
0.000138467
0.000130809
0.000137737
0.000153417
0.000168368
0.000175223
0.000172525
0.000162606
0.000148895
0.000134455
0.000121547
0.000111045
0.000102512
9.48547e-05
8.727e-05
7.96124e-05
7.14443e-05
6.07966e-05
4.54084e-05
2.33108e-05
-4.91298e-06
-3.75854e-05
8.48463e-07
8.48463e-07
8.48463e-07
8.48463e-07
8.48463e-07
8.48463e-07
8.48463e-07
9.2139e-07
8.48463e-07
8.48463e-07
9.2139e-07
8.48463e-07
8.48463e-07
9.2139e-07
9.2139e-07
9.2139e-07
9.2139e-07
8.48463e-07
8.48463e-07
8.48463e-07
8.48463e-07
9.2139e-07
8.48463e-07
8.48463e-07
8.48463e-07
8.48463e-07
8.48463e-07
8.48463e-07
8.48463e-07
8.48463e-07
8.48463e-07
8.48463e-07
8.48463e-07
9.2139e-07
8.48463e-07
8.48463e-07
8.48463e-07
8.48463e-07
8.48463e-07
8.48463e-07
9.2139e-07
8.48463e-07
8.48463e-07
9.2139e-07
8.48463e-07
8.48463e-07
8.48463e-07
8.48463e-07
9.2139e-07
9.2139e-07
8.48463e-07
8.48463e-07
8.48463e-07
8.48463e-07
8.48463e-07
9.2139e-07
9.2139e-07
8.48463e-07
8.48463e-07
9.2139e-07
8.48463e-07
9.2139e-07
8.48463e-07
9.2139e-07
9.2139e-07
8.48463e-07
8.48463e-07
8.48463e-07
9.2139e-07
8.48463e-07
8.48463e-07
9.2139e-07
8.48463e-07
9.2139e-07
9.2139e-07
8.48463e-07
9.2139e-07
9.2139e-07
8.48463e-07
8.48463e-07
9.2139e-07
9.2139e-07
9.2139e-07
9.2139e-07
9.2139e-07
9.2139e-07
8.48463e-07
8.48463e-07
9.2139e-07
8.48463e-07
8.48463e-07
9.2139e-07
8.48463e-07
8.48463e-07
8.48463e-07
8.48463e-07
8.48463e-07
8.48463e-07
8.48463e-07
8.48463e-07
8.48463e-07
8.48463e-07
8.48463e-07
8.48463e-07
8.48463e-07
8.48463e-07
9.2139e-07
8.48463e-07
8.48463e-07
8.48463e-07
8.48463e-07
8.48463e-07
8.48463e-07
8.48463e-07
9.2139e-07
9.2139e-07
9.2139e-07
9.2139e-07
9.2139e-07
8.48463e-07
9.2139e-07
9.2139e-07
9.2139e-07
9.2139e-07
8.48463e-07
9.2139e-07
9.2139e-07
8.48463e-07
8.48463e-07
9.2139e-07
9.2139e-07
8.48463e-07
8.48463e-07
8.48463e-07
8.48463e-07
8.48463e-07
8.48463e-07
9.2139e-07
9.2139e-07
9.2139e-07
8.48463e-07
8.48463e-07
8.48463e-07
8.48463e-07
8.48463e-07
8.48463e-07
8.48463e-07
9.2139e-07
8.48463e-07
8.48463e-07
8.48463e-07
8.48463e-07
8.48463e-07
9.2139e-07
9.2139e-07
9.2139e-07
8.48463e-07
8.48463e-07
8.48463e-07
8.48463e-07
8.48463e-07
8.48463e-07
9.2139e-07
9.2139e-07
9.2139e-07
8.48463e-07
9.2139e-07
9.2139e-07
9.2139e-07
8.48463e-07
9.2139e-07
9.2139e-07
9.2139e-07
8.48463e-07
8.48463e-07
8.48463e-07
8.48463e-07
8.48463e-07
8.48463e-07
9.2139e-07
8.48463e-07
8.48463e-07
8.48463e-07
9.2139e-07
8.48463e-07
8.48463e-07
8.48463e-07
9.2139e-07
8.48463e-07
8.48463e-07
8.48463e-07
8.48463e-07
9.2139e-07
8.48463e-07
8.48463e-07
8.48463e-07
8.48463e-07
9.2139e-07
8.48463e-07
8.48463e-07
9.2139e-07
9.2139e-07
9.2139e-07
8.48463e-07
8.48463e-07
9.2139e-07
8.48463e-07
9.2139e-07
8.48463e-07
9.2139e-07
9.2139e-07
9.2139e-07
9.2139e-07
8.48463e-07
9.2139e-07
9.2139e-07
9.2139e-07
8.48463e-07
8.48463e-07
9.2139e-07
9.2139e-07
9.2139e-07
9.2139e-07
9.2139e-07
9.2139e-07
9.2139e-07
8.48463e-07
9.2139e-07
9.2139e-07
8.48463e-07
8.48463e-07
9.2139e-07
8.48463e-07
9.2139e-07
8.48463e-07
9.2139e-07
8.48463e-07
9.2139e-07
8.48463e-07
9.2139e-07
8.48463e-07
9.2139e-07
9.2139e-07
8.48463e-07
8.48463e-07
9.2139e-07
9.2139e-07
8.48463e-07
8.48463e-07
9.2139e-07
9.2139e-07
9.2139e-07
8.48463e-07
8.48463e-07
8.48463e-07
9.2139e-07
8.48463e-07
9.2139e-07
8.48463e-07
9.2139e-07
8.48463e-07
8.48463e-07
8.48463e-07
9.2139e-07
8.48463e-07
9.2139e-07
9.2139e-07
8.48463e-07
8.48463e-07
8.48463e-07
8.48463e-07
8.48463e-07
8.48463e-07
9.2139e-07
8.48463e-07
8.48463e-07
8.48463e-07
8.48463e-07
8.48463e-07
8.48463e-07
8.48463e-07
9.2139e-07
8.48463e-07
9.2139e-07
8.48463e-07
9.2139e-07
8.48463e-07
8.48463e-07
8.48463e-07
9.2139e-07
8.48463e-07
8.48463e-07
9.2139e-07
8.48463e-07
8.48463e-07
8.48463e-07
8.48463e-07
9.2139e-07
8.48463e-07
9.2139e-07
8.48463e-07
9.2139e-07
8.48463e-07
8.48463e-07
8.48463e-07
9.2139e-07
8.48463e-07
8.48463e-07
9.2139e-07
9.2139e-07
8.48463e-07
8.48463e-07
8.48463e-07
9.2139e-07
8.48463e-07
8.48463e-07
8.48463e-07
9.2139e-07
8.48463e-07
9.2139e-07
8.48463e-07
9.2139e-07
8.48463e-07
8.48463e-07
9.2139e-07
8.48463e-07
8.48463e-07
8.48463e-07
8.48463e-07
8.48463e-07
8.48463e-07
8.48463e-07
8.48463e-07
8.48463e-07
8.48463e-07
8.48463e-07
8.48463e-07
8.48463e-07
8.48463e-07
8.48463e-07
8.48463e-07
9.2139e-07
9.2139e-07
8.48463e-07
8.48463e-07
9.2139e-07
8.48463e-07
8.48463e-07
9.2139e-07
8.48463e-07
8.48463e-07
8.48463e-07
8.48463e-07
9.2139e-07
9.2139e-07
8.48463e-07
9.2139e-07
-7.98116e-05
-5.26089e-05
-2.20514e-05
1.6893e-05
7.11526e-05
0.00014627
0.000246694
0.00037629
0.000536954
0.000726862
0.000941348
0.00117334
0.00141262
0.0016457
0.00185742
0.00203259
0.00215672
0.00221616
0.00220143
0.00211012
0.00195018
0.00173767
0.00149386
0.00123927
0.000990722
0.000761066
0.000559489
0.000393939
0.000269229
0.000184558
0.00013307
0.000103023
8.28942e-05
6.70685e-05
5.72959e-05
8.48463e-07
8.48463e-07
9.2139e-07
8.48463e-07
9.2139e-07
9.2139e-07
8.48463e-07
8.48463e-07
9.2139e-07
8.48463e-07
9.2139e-07
8.48463e-07
8.48463e-07
8.48463e-07
9.2139e-07
9.2139e-07
8.48463e-07
9.2139e-07
9.2139e-07
8.48463e-07
9.2139e-07
9.2139e-07
8.48463e-07
8.48463e-07
8.48463e-07
8.48463e-07
8.48463e-07
8.48463e-07
9.2139e-07
8.48463e-07
8.48463e-07
8.48463e-07
9.2139e-07
8.48463e-07
8.48463e-07
9.2139e-07
9.2139e-07
9.2139e-07
9.2139e-07
9.2139e-07
9.2139e-07
9.2139e-07
9.2139e-07
8.48463e-07
9.2139e-07
9.2139e-07
9.2139e-07
8.48463e-07
9.2139e-07
9.2139e-07
9.2139e-07
8.48463e-07
8.48463e-07
9.2139e-07
9.2139e-07
8.48463e-07
8.48463e-07
8.48463e-07
9.2139e-07
9.2139e-07
8.48463e-07
8.48463e-07
8.48463e-07
8.48463e-07
9.2139e-07
8.48463e-07
8.48463e-07
9.2139e-07
8.48463e-07
8.48463e-07
9.2139e-07
8.48463e-07
9.2139e-07
8.48463e-07
9.2139e-07
9.2139e-07
9.2139e-07
8.48463e-07
8.48463e-07
9.2139e-07
8.48463e-07
8.48463e-07
8.48463e-07
8.48463e-07
8.48463e-07
8.48463e-07
9.2139e-07
9.2139e-07
9.2139e-07
8.48463e-07
9.2139e-07
8.48463e-07
9.2139e-07
9.2139e-07
9.2139e-07
8.48463e-07
8.48463e-07
9.2139e-07
8.48463e-07
8.48463e-07
8.48463e-07
9.2139e-07
9.2139e-07
8.48463e-07
8.48463e-07
9.2139e-07
9.2139e-07
8.48463e-07
9.2139e-07
9.2139e-07
8.48463e-07
8.48463e-07
9.2139e-07
9.2139e-07
9.2139e-07
9.2139e-07
8.48463e-07
9.2139e-07
8.48463e-07
9.2139e-07
8.48463e-07
9.2139e-07
9.2139e-07
8.48463e-07
8.48463e-07
8.48463e-07
8.48463e-07
8.48463e-07
8.48463e-07
8.48463e-07
9.2139e-07
8.48463e-07
8.48463e-07
8.48463e-07
8.48463e-07
8.48463e-07
8.48463e-07
8.48463e-07
8.48463e-07
8.48463e-07
9.2139e-07
9.2139e-07
8.48463e-07
8.48463e-07
9.2139e-07
9.2139e-07
9.2139e-07
9.2139e-07
9.2139e-07
9.2139e-07
8.48463e-07
8.48463e-07
9.2139e-07
9.2139e-07
8.48463e-07
8.48463e-07
8.48463e-07
8.48463e-07
9.2139e-07
8.48463e-07
8.48463e-07
8.48463e-07
9.2139e-07
8.48463e-07
8.48463e-07
8.48463e-07
8.48463e-07
8.48463e-07
8.48463e-07
8.48463e-07
8.48463e-07
9.2139e-07
8.48463e-07
8.48463e-07
8.48463e-07
8.48463e-07
9.2139e-07
9.2139e-07
8.48463e-07
9.2139e-07
8.48463e-07
9.2139e-07
9.2139e-07
8.48463e-07
8.48463e-07
8.48463e-07
9.2139e-07
8.48463e-07
8.48463e-07
8.48463e-07
8.48463e-07
8.48463e-07
9.2139e-07
9.2139e-07
8.48463e-07
9.2139e-07
9.2139e-07
9.2139e-07
8.48463e-07
9.2139e-07
9.2139e-07
9.2139e-07
8.48463e-07
9.2139e-07
9.2139e-07
9.2139e-07
8.48463e-07
8.48463e-07
8.48463e-07
8.48463e-07
9.2139e-07
8.48463e-07
8.48463e-07
8.48463e-07
8.48463e-07
8.48463e-07
8.48463e-07
8.48463e-07
8.48463e-07
8.48463e-07
8.48463e-07
8.48463e-07
8.48463e-07
8.48463e-07
8.48463e-07
9.2139e-07
9.2139e-07
8.48463e-07
8.48463e-07
9.2139e-07
8.48463e-07
9.2139e-07
8.48463e-07
9.2139e-07
8.48463e-07
9.2139e-07
8.48463e-07
9.2139e-07
9.2139e-07
9.2139e-07
8.48463e-07
9.2139e-07
9.2139e-07
9.2139e-07
8.48463e-07
9.2139e-07
8.48463e-07
8.48463e-07
8.48463e-07
9.2139e-07
8.48463e-07
8.48463e-07
9.2139e-07
8.48463e-07
8.48463e-07
8.48463e-07
8.48463e-07
9.2139e-07
8.48463e-07
9.2139e-07
8.48463e-07
9.2139e-07
8.48463e-07
8.48463e-07
8.48463e-07
9.2139e-07
8.48463e-07
9.2139e-07
9.2139e-07
9.2139e-07
9.2139e-07
8.48463e-07
8.48463e-07
9.2139e-07
8.48463e-07
9.2139e-07
9.2139e-07
8.48463e-07
9.2139e-07
9.2139e-07
9.2139e-07
8.48463e-07
9.2139e-07
8.48463e-07
9.2139e-07
8.48463e-07
8.48463e-07
9.2139e-07
8.48463e-07
8.48463e-07
9.2139e-07
8.48463e-07
8.48463e-07
8.48463e-07
8.48463e-07
9.2139e-07
8.48463e-07
8.48463e-07
9.2139e-07
9.2139e-07
9.2139e-07
9.2139e-07
8.48463e-07
8.48463e-07
8.48463e-07
9.2139e-07
9.2139e-07
9.2139e-07
9.2139e-07
9.2139e-07
9.2139e-07
9.2139e-07
8.48463e-07
9.2139e-07
9.2139e-07
9.2139e-07
9.2139e-07
8.48463e-07
9.2139e-07
8.48463e-07
8.48463e-07
9.2139e-07
9.2139e-07
9.2139e-07
8.48463e-07
9.2139e-07
8.48463e-07
9.2139e-07
8.48463e-07
8.48463e-07
9.2139e-07
9.2139e-07
9.2139e-07
9.2139e-07
9.2139e-07
