2022 1 1 -0.183233700 0.890887357 0.386385815
2022 1 2 -0.200427132 0.887878461 0.385082397
2022 1 3 -0.217560842 0.884592477 0.383658770
2022 1 4 -0.234629007 0.881030506 0.382115375
2022 1 5 -0.251625880 0.877193863 0.380452752
2022 1 6 -0.268545830 0.873084040 0.378671535
2022 1 7 -0.285383364 0.868702668 0.376772430
2022 1 8 -0.302133131 0.864051481 0.374756199
2022 1 9 -0.318789906 0.859132288 0.372623643
2022 1 10 -0.335348579 0.853946955 0.370375595
2022 1 11 -0.351804137 0.848497394 0.368012910
2022 1 12 -0.368151653 0.842785562 0.365536467
2022 1 13 -0.384386275 0.836813457 0.362947161
2022 1 14 -0.400503220 0.830583118 0.360245906
2022 1 15 -0.416497768 0.824096620 0.357433633
2022 1 16 -0.432365262 0.817356076 0.354511285
2022 1 17 -0.448101098 0.810363630 0.351479820
2022 1 18 -0.463700719 0.803121454 0.348340202
2022 1 19 -0.479159606 0.795631747 0.345093406
2022 1 20 -0.494473271 0.787896733 0.341740411
2022 1 21 -0.509637240 0.779918662 0.338282202
2022 1 22 -0.524647045 0.771699815 0.334719770
2022 1 23 -0.539498212 0.763242512 0.331054116
2022 1 24 -0.554186248 0.754549119 0.327286254
2022 1 25 -0.568706636 0.745622062 0.323417214
2022 1 26 -0.583054824 0.736463843 0.319448054
2022 1 27 -0.597226221 0.727077059 0.315379864
2022 1 28 -0.611216204 0.717464427 0.311213780
2022 1 29 -0.625020125 0.707628807 0.306950999
2022 1 30 -0.638633335 0.697573227 0.302592791
2022 1 31 -0.652051223 0.687300902 0.298140509
2022 2 1 -0.665269263 0.676815234 0.293595598
2022 2 2 -0.678283056 0.666119798 0.288959588
2022 2 3 -0.691088367 0.655218312 0.284234085
2022 2 4 -0.703681149 0.644114600 0.279420751
2022 2 5 -0.716057538 0.632812552 0.274521288
2022 2 6 -0.728213844 0.621316099 0.269537423
2022 2 7 -0.740146533 0.609629191 0.264470896
2022 2 8 -0.751852207 0.597755786 0.259323454
2022 2 9 -0.763327590 0.585699851 0.254096845
2022 2 10 -0.774569513 0.573465356 0.248792824
2022 2 11 -0.785574909 0.561056277 0.243413142
2022 2 12 -0.796340810 0.548476594 0.237959553
2022 2 13 -0.806864334 0.535730289 0.232433812
2022 2 14 -0.817142691 0.522821344 0.226837666
2022 2 15 -0.827173166 0.509753733 0.221172861
2022 2 16 -0.836953116 0.496531421 0.215441130
2022 2 17 -0.846479955 0.483158362 0.209644199
2022 2 18 -0.855751137 0.469638499 0.203783779
2022 2 19 -0.864764142 0.455975772 0.197861575
2022 2 20 -0.873516462 0.442174126 0.191879283
2022 2 21 -0.882005588 0.428237529 0.185838604
2022 2 22 -0.890229004 0.414169989 0.179741246
2022 2 23 -0.898184187 0.399975575 0.173588938
2022 2 24 -0.905868613 0.385658439 0.167383442
2022 2 25 -0.913279770 0.371222833 0.161126558
2022 2 26 -0.920415179 0.356673128 0.154820141
2022 2 27 -0.927272422 0.342013825 0.148466105
2022 2 28 -0.933849171 0.327249556 0.142066428
2022 3 1 -0.940143227 0.312385084 0.135623152
2022 3 2 -0.946152555 0.297425277 0.129138380
2022 3 3 -0.951875302 0.282375090 0.122614259
2022 3 4 -0.957309816 0.267239526 0.116052972
2022 3 5 -0.962454645 0.252023604 0.109456714
2022 3 6 -0.967308522 0.236732338 0.102827687
2022 3 7 -0.971870347 0.221370711 0.096168081
2022 3 8 -0.976139174 0.205943670 0.089480074
2022 3 9 -0.980114183 0.190456122 0.082765824
2022 3 10 -0.983794677 0.174912930 0.076027471
2022 3 11 -0.987180065 0.159318915 0.069267134
2022 3 12 -0.990269858 0.143678860 0.062486913
2022 3 13 -0.993063664 0.127997504 0.055688887
2022 3 14 -0.995561182 0.112279542 0.048875112
2022 3 15 -0.997762195 0.096529619 0.042047617
2022 3 16 -0.999666558 0.080752329 0.035208407
2022 3 17 -1.001274187 0.064952208 0.028359452
2022 3 18 -1.002585038 0.049133739 0.021502693
2022 3 19 -1.003599087 0.033301358 0.014640043
2022 3 20 -1.004316313 0.017459469 0.007773390
2022 3 21 -1.004736687 0.001612466 0.000904610
2022 3 22 -1.004860162 -0.014235242 -0.005964423
2022 3 23 -1.004686685 -0.030079204 -0.012831819
2022 3 24 -1.004216213 -0.045914907 -0.019695665
2022 3 25 -1.003448736 -0.061737754 -0.026554009
2022 3 26 -1.002384307 -0.077543064 -0.033404859
2022 3 27 -1.001023076 -0.093326067 -0.040246178
2022 3 28 -0.999365313 -0.109081916 -0.047075885
2022 3 29 -0.997411436 -0.124805701 -0.053891863
2022 3 30 -0.995162034 -0.140492469 -0.060691965
2022 3 31 -0.992617872 -0.156137253 -0.067474027
2022 4 1 -0.989779902 -0.171735091 -0.074235881
2022 4 2 -0.986649255 -0.187281058 -0.080975366
2022 4 3 -0.983227230 -0.202770283 -0.087690340
2022 4 4 -0.979515277 -0.218197963 -0.094378688
2022 4 5 -0.975514981 -0.233559376 -0.101038329
2022 4 6 -0.971228041 -0.248849883 -0.107667221
2022 4 7 -0.966656261 -0.264064926 -0.114263356
2022 4 8 -0.961801537 -0.279200034 -0.120824769
2022 4 9 -0.956665845 -0.294250811 -0.127349528
2022 4 10 -0.951251240 -0.309212946 -0.133835744
2022 4 11 -0.945559848 -0.324082210 -0.140281566
2022 4 12 -0.939593857 -0.338854456 -0.146685184
2022 4 13 -0.933355507 -0.353525630 -0.153044832
2022 4 14 -0.926847077 -0.368091764 -0.159358791
2022 4 15 -0.920070864 -0.382548981 -0.165625389
2022 4 16 -0.913029162 -0.396893484 -0.171842996
2022 4 17 -0.905724239 -0.411121538 -0.178010019
2022 4 18 -0.898158325 -0.425229446 -0.184124893
2022 4 19 -0.890333608 -0.439213513 -0.190186057
2022 4 20 -0.882252245 -0.453070016 -0.196191945
2022 4 21 -0.873916395 -0.466795178 -0.202140963
2022 4 22 -0.865328251 -0.480385158 -0.208031487
2022 4 23 -0.856490078 -0.493836047 -0.213861854
2022 4 24 -0.847404250 -0.507143887 -0.219630372
2022 4 25 -0.838073273 -0.520304686 -0.225335321
2022 4 26 -0.828499799 -0.533314445 -0.230974969
2022 4 27 -0.818686635 -0.546169179 -0.236547580
2022 4 28 -0.808636744 -0.558864943 -0.242051425
2022 4 29 -0.798353237 -0.571397846 -0.247484796
2022 4 30 -0.787839371 -0.583764076 -0.252846010
2022 5 1 -0.777098529 -0.595959908 -0.258133420
2022 5 2 -0.766134209 -0.607981717 -0.263345422
2022 5 3 -0.754950009 -0.619825987 -0.268480458
2022 5 4 -0.743549613 -0.631489309 -0.273537018
2022 5 5 -0.731936771 -0.642968385 -0.278513644
2022 5 6 -0.720115297 -0.654260027 -0.283408927
2022 5 7 -0.708089053 -0.665361152 -0.288221509
2022 5 8 -0.695861943 -0.676268785 -0.292950082
2022 5 9 -0.683437907 -0.686980056 -0.297593388
2022 5 10 -0.670820913 -0.697492201 -0.302150220
2022 5 11 -0.658014943 -0.707802564 -0.306619426
2022 5 12 -0.645023986 -0.717908600 -0.310999906
2022 5 13 -0.631852012 -0.727807866 -0.315290613
2022 5 14 -0.618502956 -0.737498016 -0.319490555
2022 5 15 -0.604980693 -0.746976783 -0.323598778
2022 5 16 -0.591289025 -0.756241949 -0.327614362
2022 5 17 -0.577431677 -0.765291305 -0.331536395
2022 5 18 -0.563412317 -0.774122620 -0.335363960
2022 5 19 -0.549234590 -0.782733611 -0.339096111
2022 5 20 -0.534902167 -0.791121931 -0.342731870
2022 5 21 -0.520418789 -0.799285181 -0.346270222
2022 5 22 -0.505788303 -0.807220932 -0.349710130
2022 5 23 -0.491014685 -0.814926756 -0.353050545
2022 5 24 -0.476102043 -0.822400256 -0.356290418
2022 5 25 -0.461054619 -0.829639092 -0.359428718
2022 5 26 -0.445876774 -0.836640997 -0.362464441
2022 5 27 -0.430572977 -0.843403800 -0.365396615
2022 5 28 -0.415147798 -0.849925428 -0.368224311
2022 5 29 -0.399605886 -0.856203921 -0.370946648
2022 5 30 -0.383951963 -0.862237433 -0.373562791
2022 5 31 -0.368190807 -0.868024239 -0.376071962
2022 6 1 -0.352327242 -0.873562737 -0.378473436
2022 6 2 -0.336366121 -0.878851444 -0.380766543
2022 6 3 -0.320312324 -0.883889000 -0.382950671
2022 6 4 -0.304170737 -0.888674162 -0.385025262
2022 6 5 -0.287946252 -0.893205805 -0.386989814
2022 6 6 -0.271643756 -0.897482917 -0.388843880
2022 6 7 -0.255268122 -0.901504602 -0.390587067
2022 6 8 -0.238824196 -0.905270075 -0.392219038
2022 6 9 -0.222316790 -0.908778659 -0.393739511
2022 6 10 -0.205750662 -0.912029786 -0.395148255
2022 6 11 -0.189130495 -0.915022978 -0.396445091
2022 6 12 -0.172460883 -0.917757835 -0.397629879
2022 6 13 -0.155746317 -0.920234001 -0.398702508
2022 6 14 -0.138991182 -0.922451132 -0.399662876
2022 6 15 -0.122199780 -0.924408853 -0.400510867
2022 6 16 -0.105376370 -0.926106736 -0.401246340
2022 6 17 -0.088525216 -0.927544287 -0.401869113
2022 6 18 -0.071650647 -0.928720963 -0.402378972
2022 6 19 -0.054757086 -0.929636202 -0.402775679
2022 6 20 -0.037849074 -0.930289462 -0.403058995
2022 6 21 -0.020931265 -0.930680254 -0.403228690
2022 6 22 -0.004008418 -0.930808173 -0.403284566
2022 6 23 0.012914625 -0.930672912 -0.403226462
2022 6 24 0.029832952 -0.930274276 -0.403054261
2022 6 25 0.046741602 -0.929612184 -0.402767896
2022 6 26 0.063635574 -0.928686674 -0.402367350
2022 6 27 0.080509844 -0.927497905 -0.401852662
2022 6 28 0.097359370 -0.926046156 -0.401223924
2022 6 29 0.114179109 -0.924331829 -0.400481281
2022 6 30 0.130964022 -0.922355446 -0.399624939
2022 7 1 0.147709088 -0.920117652 -0.398655156
2022 7 2 0.164409312 -0.917619207 -0.397572248
2022 7 3 0.181059735 -0.914860990 -0.396376586
2022 7 4 0.197655444 -0.911843988 -0.395068596
2022 7 5 0.214191583 -0.908569301 -0.393648756
2022 7 6 0.230663361 -0.905038131 -0.392117595
2022 7 7 0.247066065 -0.901251777 -0.390475694
2022 7 8 0.263395074 -0.897211629 -0.388723678
2022 7 9 0.279645871 -0.892919155 -0.386862212
2022 7 10 0.295814059 -0.888375877 -0.384891994
2022 7 11 0.311895366 -0.883583349 -0.382813739
2022 7 12 0.327885642 -0.878543121 -0.380628166
2022 7 13 0.343780838 -0.873256707 -0.378335974
2022 7 14 0.359576963 -0.867725560 -0.375937830
2022 7 15 0.375270037 -0.861951065 -0.373434362
2022 7 16 0.390856032 -0.855934557 -0.370826160
2022 7 17 0.406330841 -0.849677356 -0.368113797
2022 7 18 0.421690261 -0.843180807 -0.365297841
2022 7 19 0.436929996 -0.836446319 -0.362378881
2022 7 20 0.452045674 -0.829475396 -0.359357538
2022 7 21 0.467032878 -0.822269649 -0.356234480
2022 7 22 0.481887158 -0.814830804 -0.353010420
2022 7 23 0.496604058 -0.807160706 -0.349686126
2022 7 24 0.511179124 -0.799261317 -0.346262416
2022 7 25 0.525607921 -0.791134710 -0.342740161
2022 7 26 0.539886038 -0.782783074 -0.339120282
2022 7 27 0.554009098 -0.774208708 -0.335403753
2022 7 28 0.567972766 -0.765414024 -0.331591601
2022 7 29 0.581772762 -0.756401542 -0.327684903
2022 7 30 0.595404865 -0.747173891 -0.323684790
2022 7 31 0.608864932 -0.737733804 -0.319592443
2022 8 1 0.622148902 -0.728084116 -0.315409092
2022 8 2 0.635252809 -0.718227754 -0.311136016
2022 8 3 0.648172796 -0.708167730 -0.306774536
2022 8 4 0.660905122 -0.697907132 -0.302326012
2022 8 5 0.673446174 -0.687449108 -0.297791838
2022 8 6 0.685792471 -0.676796854 -0.293173434
2022 8 7 0.697940675 -0.665953591 -0.288472234
2022 8 8 0.709887585 -0.654922541 -0.283689676
2022 8 9 0.721630131 -0.643706899 -0.278827186
2022 8 10 0.733165346 -0.632309810 -0.273886166
2022 8 11 0.744490331 -0.620734351 -0.268867978
2022 8 12 0.755602206 -0.608983528 -0.263773944
2022 8 13 0.766498068 -0.597060294 -0.258605348
2022 8 14 0.777174953 -0.584967586 -0.253363454
2022 8 15 0.787629827 -0.572708362 -0.248049523
2022 8 16 0.797859590 -0.560285640 -0.242664836
2022 8 17 0.807861098 -0.547702526 -0.237210704
2022 8 18 0.817631191 -0.534962229 -0.231688485
2022 8 19 0.827166714 -0.522068067 -0.226099580
2022 8 20 0.836464542 -0.509023464 -0.220445442
2022 8 21 0.845521589 -0.495831946 -0.214727569
2022 8 22 0.854334824 -0.482497138 -0.208947506
2022 8 23 0.862901278 -0.469022759 -0.203106842
2022 8 24 0.871218048 -0.455412620 -0.197207210
2022 8 25 0.879282308 -0.441670624 -0.191250286
2022 8 26 0.887091314 -0.427800759 -0.185237791
2022 8 27 0.894642420 -0.413807107 -0.179171488
2022 8 28 0.901933082 -0.399693828 -0.173053183
2022 8 29 0.908960878 -0.385465163 -0.166884725
2022 8 30 0.915723518 -0.371125420 -0.160667996
2022 8 31 0.922218853 -0.356678965 -0.154404911
2022 9 1 0.928444889 -0.342130201 -0.148097407
2022 9 2 0.934399787 -0.327483556 -0.141747439
2022 9 3 0.940081868 -0.312743457 -0.135356962
2022 9 4 0.945489604 -0.297914315 -0.128927930
2022 9 5 0.950621612 -0.283000501 -0.122462275
2022 9 6 0.955476632 -0.268006327 -0.115961902
2022 9 7 0.960053503 -0.252936030 -0.109428678
2022 9 8 0.964351126 -0.237793767 -0.102864425
2022 9 9 0.968368426 -0.222583620 -0.096270921
2022 9 10 0.972104320 -0.207309615 -0.089649905
2022 9 11 0.975557687 -0.191975749 -0.083003095
2022 9 12 0.978727365 -0.176586030 -0.076332202
2022 9 13 0.981612154 -0.161144508 -0.069638947
2022 9 14 0.984210839 -0.145655303 -0.062925080
2022 9 15 0.986522213 -0.130122611 -0.056192383
2022 9 16 0.988545104 -0.114550717 -0.049442678
2022 9 17 0.990278395 -0.098943988 -0.042677827
2022 9 18 0.991721041 -0.083306868 -0.035899726
2022 9 19 0.992872075 -0.067643870 -0.029110308
2022 9 20 0.993730621 -0.051959572 -0.022311538
2022 9 21 0.994295893 -0.036258614 -0.015505412
2022 9 22 0.994567207 -0.020545693 -0.008693957
2022 9 23 0.994543985 -0.004825566 -0.001879227
2022 9 24 0.994225767 0.010896957 0.004936690
2022 9 25 0.993612221 0.026617014 0.011751679
2022 9 26 0.992703157 0.042329695 0.018563597
2022 9 27 0.991498545 0.058030062 0.025370281
2022 9 28 0.989998524 0.073713157 0.032169553
2022 9 29 0.988203410 0.089374030 0.038959231
2022 9 30 0.986113698 0.105007760 0.045737143
2022 10 1 0.983730052 0.120609478 0.052501139
2022 10 2 0.981053288 0.136174390 0.059249099
2022 10 3 0.978084356 0.151697793 0.065978950
2022 10 4 0.974824310 0.167175086 0.072688668
2022 10 5 0.971274277 0.182601770 0.079376281
2022 10 6 0.967435433 0.197973448 0.086039875
2022 10 7 0.963308966 0.213285808 0.092677582
2022 10 8 0.958896059 0.228534606 0.099287574
2022 10 9 0.954197876 0.243715635 0.105868052
2022 10 10 0.949215556 0.258824703 0.112417228
2022 10 11 0.943950224 0.273857603 0.118933315
2022 10 12 0.938403007 0.288810092 0.125414512
2022 10 13 0.932575060 0.303677884 0.131858997
2022 10 14 0.926467582 0.318456644 0.138264926
2022 10 15 0.920081842 0.333141991 0.144630431
2022 10 16 0.913419188 0.347729503 0.150953622
2022 10 17 0.906481063 0.362214729 0.157232590
2022 10 18 0.899269004 0.376593190 0.163465409
2022 10 19 0.891784656 0.390860385 0.169650142
2022 10 20 0.884029768 0.405011799 0.175784836
2022 10 21 0.876006204 0.419042900 0.181867528
2022 10 22 0.867715949 0.432949140 0.187896241
2022 10 23 0.859161121 0.446725963 0.193868987
2022 10 24 0.850343989 0.460368812 0.199783771
2022 10 25 0.841266981 0.473873135 0.205638593
2022 10 26 0.831932707 0.487234416 0.211431460
2022 10 27 0.822343956 0.500448191 0.217160397
2022 10 28 0.812503699 0.513510085 0.222823463
2022 10 29 0.802415067 0.526415839 0.228418771
2022 10 30 0.792081328 0.539161326 0.233944492
2022 10 31 0.781505847 0.551742570 0.239398871
2022 11 1 0.770692056 0.564155742 0.244780227
2022 11 2 0.759643415 0.576397149 0.250086948
2022 11 3 0.748363393 0.588463221 0.255317487
2022 11 4 0.736855447 0.600350488 0.260470351
2022 11 5 0.725123011 0.612055558 0.265544090
2022 11 6 0.713169494 0.623575096 0.270537287
2022 11 7 0.700998284 0.634905802 0.275448544
2022 11 8 0.688612757 0.646044391 0.280276474
2022 11 9 0.676016296 0.656987586 0.285019693
2022 11 10 0.663212303 0.667732100 0.289676813
2022 11 11 0.650204220 0.678274645 0.294246440
2022 11 12 0.636995548 0.688611926 0.298727175
2022 11 13 0.623589853 0.698740650 0.303117613
2022 11 14 0.609990782 0.708657531 0.307416348
2022 11 15 0.596202068 0.718359299 0.311621976
2022 11 16 0.582227530 0.727842705 0.315733095
2022 11 17 0.568071082 0.737104522 0.319748309
2022 11 18 0.553736733 0.746141553 0.323666227
2022 11 19 0.539228597 0.754950628 0.327485467
2022 11 20 0.524550900 0.763528610 0.331204653
2022 11 21 0.509707994 0.771872404 0.334822418
2022 11 22 0.494704374 0.779978966 0.338337411
2022 11 23 0.479544689 0.787845323 0.341748307
2022 11 24 0.464233748 0.795468606 0.345053820
2022 11 25 0.448776515 0.802846082 0.348252717
2022 11 26 0.433178086 0.809975186 0.351343846
2022 11 27 0.417443649 0.816853541 0.354326139
2022 11 28 0.401578436 0.823478970 0.357198627
2022 11 29 0.385587680 0.829849481 0.359960433
2022 11 30 0.369476582 0.835963246 0.362610762
2022 12 1 0.353250286 0.841818575 0.365148892
2022 12 2 0.336913875 0.847413882 0.367574157
2022 12 3 0.320472371 0.852747665 0.369885931
2022 12 4 0.303930741 0.857818487 0.372083625
2022 12 5 0.287293911 0.862624959 0.374166671
2022 12 6 0.270566774 0.867165731 0.376134519
2022 12 7 0.253754207 0.871439481 0.377986632
2022 12 8 0.236861085 0.875444918 0.379722483
2022 12 9 0.219892289 0.879180773 0.381341549
2022 12 10 0.202852726 0.882645807 0.382843319
2022 12 11 0.185747333 0.885838811 0.384227287
2022 12 12 0.168581090 0.888758613 0.385492960
2022 12 13 0.151359022 0.891404082 0.386639855
2022 12 14 0.134086208 0.893774137 0.387667507
2022 12 15 0.116767780 0.895867747 0.388575467
2022 12 16 0.099408930 0.897683939 0.389363303
2022 12 17 0.082014912 0.899221796 0.390030605
2022 12 18 0.064591054 0.900480466 0.390576983
2022 12 19 0.047142762 0.901459165 0.391002071
2022 12 20 0.029675537 0.902157191 0.391305530
2022 12 21 0.012194986 0.902573941 0.391487060
2022 12 22 -0.005293174 0.902708938 0.391546413
2022 12 23 -0.022783124 0.902561869 0.391483406
2022 12 24 -0.040268965 0.902132611 0.391297950
2022 12 25 -0.057744766 0.901421263 0.390990052
2022 12 26 -0.075204620 0.900428144 0.390559832
2022 12 27 -0.092642690 0.899153776 0.390007511
2022 12 28 -0.110053255 0.897598853 0.389333398
2022 12 29 -0.127430720 0.895764198 0.388537868
2022 12 30 -0.144769619 0.893650729 0.387621349
2022 12 31 -0.162064603 0.891259432 0.386584299
